A 0.001				255,255,255
L	-5,2.5,6 1 255,0,0

C 0,1,0 			0,0,1		70

pl 0,0,0			0,-1,0		255,255,255
pl 0,3,0			0,-1,0		255,255,255

sq 10,1.5,-4	1,0,0 3 7 30,12,10
sq 10,1.5,3		1,0,0 3 7 30,12,10
sq 10,1.5,10	1,0,0 3 7 30,12,10
sq 10,1.5,17	1,0,0 3 7 30,12,10

sq 6,1.5,7.5	0,0,1 6 3 30,12,10

sq 6.5,1.5,20.5	0,0,1 7 3 30,12,10
sq -0.5,1.5,20.5	0,0,1 7 3 30,12,10
sq -7.5,1.5,20.5	0,0,1 7 3 30,12,10
sq -14.5,1.5,20.5	0,0,1 7 3 30,12,10

sp 6,1,19 0.5 203,162,140
sp 7,1,19 0.5 203,162,140

cy 6.5,1.5,18.5 0,1,0 0.75 2  203,162,140

L	6.5,2.5,17 0.5 255,255,255

sq 3,1.5,17	1,0,0 3 7 30,12,10
sq 3,1.5,11	1,0,0 3 7 30,12,10

sq -18,1.5,17	1,0,0 3 7 30,12,10
sq -18,1.5,10	1,0,0 3 7 30,12,10
sq -18,1.5,3	1,0,0 3 7 30,12,10
sq -18,1.5,-4	1,0,0 3 7 30,12,10

sq 6.5,1.5,-7.5	0,0,1 7 3 30,12,10
sq -0.5,1.5,-7.5	0,0,1 7 3 30,12,10
sq -7.5,1.5,-7.5	0,0,1 7 3 30,12,10
sq -14.5,1.5,-7.5	0,0,1 7 3 30,12,10