A 0.001				255,255,255
L	-15,2.5,18.5 1 255,255,255
C -10,1,2 			0,0,1		70

O -8,1,2   -0.7,0.2,-0.5   255,255,255   0.6   scenes/f16.obj 0

O 8,0,18  -0.61,0,0.80  255,255,255  2  scenes/shrek.obj 0
sq 0,0,0     0,1,0    100 100    250,0,0
sq 0,4,0     0,-1,0   100 100    250,0,0

sq 10,1.5,-4	1,0,0 6 7 100,0,0
sq 10,1.5,3		1,0,0 6 7 100,0,0
sq 10,1.5,10	1,0,0 6 7 100,0,0
sq 10,1.5,17	1,0,0 6 7 100,0,0

sq 6,1.5,7.5	0,0,1 6 6 100,0,0

sq 6.5,1.5,20.5	0,0,1 7 6 100,0,0
sq -0.5,1.5,20.5	0,0,1 7 6 100,0,0
sq -7.5,1.5,20.5	0,0,1 7 6 100,0,0
sq -14.5,1.5,20.5	0,0,1 7 6 100,0,0

L	6.5,2.5,11 0.5 255,255,255

sq 3,1.5,19	1,0,0 6 4 100,0,0
sq 3,1.5,11	1,0,0 6 7 100,0,0

sq -18,1.5,17	1,0,0 6 7 100,0,0
sq -18,1.5,10	1,0,0 6 7 100,0,0
sq -18,1.5,3	1,0,0 6 7 100,0,0
sq -18,1.5,-4	1,0,0 6 7 100,0,0

sq 6.5,1.5,-7.5	0,0,1 7 6 100,0,0
sq -0.5,1.5,-7.5	0,0,1 7 6 100,0,0
sq -7.5,1.5,-7.5	0,0,1 7 6 100,0,0
sq -14.5,1.5,-7.5	0,0,1 7 6 100,0,0